FileVersion,1
Sprites,64
SpriteSize,256,256,4,64
Colorselector,0,0,0,0
Colorselector,1,0,2,170
Colorselector,2,20,170,0
Colorselector,3,0,170,170
Colorselector,4,170,0,3
Colorselector,5,170,0,170
Colorselector,6,170,85,0
Colorselector,7,170,170,170
Colorselector,8,85,85,85
Colorselector,9,85,85,255
Colorselector,10,85,255,85
Colorselector,11,85,255,255
Colorselector,12,255,85,85
Colorselector,13,253,85,255
Colorselector,14,255,255,85
Colorselector,15,255,255,255
Colorselector,16,0,0,0
Colorselector,17,16,16,16
Colorselector,18,32,32,32
Colorselector,19,53,53,53
Colorselector,20,69,69,69
Colorselector,21,85,85,85
Colorselector,22,101,101,101
Colorselector,23,117,117,117
Colorselector,24,138,138,138
Colorselector,25,154,154,154
Colorselector,26,170,170,170
Colorselector,27,186,186,186
Colorselector,28,202,202,202
Colorselector,29,223,223,223
Colorselector,30,239,239,239
Colorselector,31,255,255,255
Colorselector,32,0,4,255
Colorselector,33,65,4,255
Colorselector,34,130,3,255
Colorselector,35,190,2,255
Colorselector,36,253,0,255
Colorselector,37,254,0,190
Colorselector,38,255,0,130
Colorselector,39,255,0,65
Colorselector,40,255,0,8
Colorselector,41,255,65,5
Colorselector,42,255,130,0
Colorselector,43,255,190,0
Colorselector,44,255,255,0
Colorselector,45,190,255,0
Colorselector,46,130,255,0
Colorselector,47,65,255,1
Colorselector,48,36,255,0
Colorselector,49,34,255,66
Colorselector,50,29,255,130
Colorselector,51,18,255,190
Colorselector,52,0,255,255
Colorselector,53,0,190,255
Colorselector,54,1,130,255
Colorselector,55,0,65,255
Colorselector,56,130,130,255
Colorselector,57,158,130,255
Colorselector,58,190,130,255
Colorselector,59,223,130,255
Colorselector,60,253,130,255
Colorselector,61,254,130,223
Colorselector,62,255,130,190
Colorselector,63,255,130,158
Colorselector,64,255,130,130
Colorselector,65,255,158,130
Colorselector,66,255,190,130
Colorselector,67,255,223,130
Colorselector,68,255,255,130
Colorselector,69,223,255,130
Colorselector,70,190,255,130
Colorselector,71,158,255,130
Colorselector,72,130,255,130
Colorselector,73,130,255,158
Colorselector,74,130,255,190
Colorselector,75,130,255,223
Colorselector,76,130,255,255
Colorselector,77,130,223,255
Colorselector,78,130,190,255
Colorselector,79,130,158,255
Colorselector,80,186,186,255
Colorselector,81,202,186,255
Colorselector,82,223,186,255
Colorselector,83,239,186,255
Colorselector,84,254,186,255
Colorselector,85,254,186,239
Colorselector,86,255,186,223
Colorselector,87,255,186,202
Colorselector,88,255,186,186
Colorselector,89,255,202,186
Colorselector,90,255,223,186
Colorselector,91,255,239,186
Colorselector,92,255,255,186
Colorselector,93,239,255,186
Colorselector,94,223,255,186
Colorselector,95,202,255,187
Colorselector,96,186,255,186
Colorselector,97,186,255,202
Colorselector,98,186,255,223
Colorselector,99,186,255,239
Colorselector,100,186,255,255
Colorselector,101,186,239,255
Colorselector,102,186,223,255
Colorselector,103,186,202,255
Colorselector,104,1,1,113
Colorselector,105,28,1,113
Colorselector,106,57,1,113
Colorselector,107,85,0,113
Colorselector,108,113,0,113
Colorselector,109,113,0,85
Colorselector,110,113,0,57
Colorselector,111,113,0,28
Colorselector,112,113,0,1
Colorselector,113,113,28,1
Colorselector,114,113,57,0
Colorselector,115,113,85,0
Colorselector,116,113,113,0
Colorselector,117,85,113,0
Colorselector,118,57,113,0
Colorselector,119,28,113,0
Colorselector,120,9,113,0
Colorselector,121,9,113,28
Colorselector,122,6,113,57
Colorselector,123,3,113,85
Colorselector,124,0,113,113
Colorselector,125,0,85,113
Colorselector,126,0,57,113
Colorselector,127,0,28,113
Colorselector,128,57,57,113
Colorselector,129,69,57,113
Colorselector,130,85,57,113
Colorselector,131,97,57,113
Colorselector,132,113,57,113
Colorselector,133,113,57,97
Colorselector,134,113,57,85
Colorselector,135,113,57,69
Colorselector,136,113,57,57
Colorselector,137,113,69,57
Colorselector,138,113,85,57
Colorselector,139,113,97,57
Colorselector,140,113,113,57
Colorselector,141,97,113,57
Colorselector,142,85,113,57
Colorselector,143,69,113,58
Colorselector,144,57,113,57
Colorselector,145,57,113,69
Colorselector,146,57,113,85
Colorselector,147,57,113,97
Colorselector,148,57,113,113
Colorselector,149,57,97,113
Colorselector,150,57,85,113
Colorselector,151,57,69,114
Colorselector,152,81,81,113
Colorselector,153,89,81,113
Colorselector,154,97,81,113
Colorselector,155,105,81,113
Colorselector,156,113,81,113
Colorselector,157,113,81,105
Colorselector,158,113,81,97
Colorselector,159,113,81,89
Colorselector,160,113,81,81
Colorselector,161,113,89,81
Colorselector,162,113,97,81
Colorselector,163,113,105,81
Colorselector,164,113,113,81
Colorselector,165,105,113,81
Colorselector,166,97,113,81
Colorselector,167,89,113,81
Colorselector,168,81,113,81
Colorselector,169,81,113,90
Colorselector,170,81,113,97
Colorselector,171,81,113,105
Colorselector,172,81,113,113
Colorselector,173,81,105,113
Colorselector,174,81,97,113
Colorselector,175,81,89,113
Colorselector,176,0,0,66
Colorselector,177,17,0,65
Colorselector,178,32,0,65
Colorselector,179,49,0,65
Colorselector,180,65,0,65
Colorselector,181,65,0,50
Colorselector,182,65,0,32
Colorselector,183,65,0,16
Colorselector,184,65,0,0
Colorselector,185,65,16,0
Colorselector,186,65,32,0
Colorselector,187,65,49,0
Colorselector,188,65,65,0
Colorselector,189,49,65,0
Colorselector,190,32,65,0
Colorselector,191,16,65,0
Colorselector,192,3,65,0
Colorselector,193,3,65,16
Colorselector,194,2,65,32
Colorselector,195,1,65,49
Colorselector,196,0,65,65
Colorselector,197,0,49,65
Colorselector,198,0,32,65
Colorselector,199,0,16,65
Colorselector,200,32,32,65
Colorselector,201,40,32,65
Colorselector,202,49,32,65
Colorselector,203,57,32,65
Colorselector,204,65,32,65
Colorselector,205,65,32,57
Colorselector,206,65,32,49
Colorselector,207,65,32,40
Colorselector,208,65,32,32
Colorselector,209,65,40,32
Colorselector,210,65,49,32
Colorselector,211,65,57,33
Colorselector,212,65,65,32
Colorselector,213,57,65,32
Colorselector,214,49,65,32
Colorselector,215,40,65,32
Colorselector,216,32,65,32
Colorselector,217,32,65,40
Colorselector,218,32,65,49
Colorselector,219,32,65,57
Colorselector,220,32,65,65
Colorselector,221,32,57,65
Colorselector,222,32,49,65
Colorselector,223,32,40,65
Colorselector,224,45,45,65
Colorselector,225,49,45,65
Colorselector,226,53,45,65
Colorselector,227,61,45,65
Colorselector,228,65,45,65
Colorselector,229,65,45,61
Colorselector,230,65,45,53
Colorselector,231,65,45,49
Colorselector,232,65,45,45
Colorselector,233,65,49,45
Colorselector,234,65,53,45
Colorselector,235,65,61,45
Colorselector,236,65,65,45
Colorselector,237,61,65,45
Colorselector,238,53,65,45
Colorselector,239,49,65,45
Colorselector,240,45,65,45
Colorselector,241,45,65,49
Colorselector,242,45,65,53
Colorselector,243,45,65,61
Colorselector,244,45,65,65
Colorselector,245,45,61,65
Colorselector,246,45,53,65
Colorselector,247,45,49,65
Colorselector,248,0,0,0
Colorselector,249,0,0,0
Colorselector,250,0,0,0
Colorselector,251,0,0,0
Colorselector,252,0,0,0
Colorselector,253,0,0,0
Colorselector,254,0,0,0
Colorselector,255,0,0,0
spritebank,0
SpriteStart
SpriteBitmapBlock,0,16,16
0,0,0,0,0,0,15,12,12,15,0,0,0,0,0,0
0,0,0,0,15,15,0,12,12,0,15,15,0,0,0,0
0,0,0,15,0,0,0,12,12,0,0,0,15,0,0,0
0,0,15,0,0,0,0,0,0,0,0,0,0,15,0,0
0,15,0,0,0,0,0,0,0,0,0,0,0,0,15,0
0,15,0,0,0,0,0,13,13,0,0,0,0,0,15,0
15,0,0,0,0,0,0,13,13,0,0,0,0,0,0,15
12,12,12,0,0,13,13,0,0,13,13,0,0,12,12,12
12,12,12,0,0,13,13,0,0,13,13,0,0,12,12,12
15,0,0,0,0,0,0,13,13,0,0,0,0,0,0,15
0,15,0,0,0,0,0,13,13,0,0,0,0,0,15,0
0,15,0,0,0,0,0,0,0,0,0,0,0,0,15,0
0,0,15,0,0,0,0,0,0,0,0,0,0,15,0,0
0,0,0,15,0,0,0,12,12,0,0,0,15,0,0,0
0,0,0,0,15,15,0,12,12,0,15,15,0,0,0,0
0,0,0,0,0,0,15,12,12,15,0,0,0,0,0,0
SpriteSpeccyBlock,0,2,2
7,0,1,7,0,1
7,0,1,7,0,1
SpriteAttribs,0,0,0,0
SpriteBitmapBlock,1,24,32
0,0,0,0,1,0,0,0,0,0,0,1,0,0,0,0,0,0,0,0,1,0,0,0,0,0,0,1,0,0,0,0
0,0,0,1,1,1,0,0,0,0,1,11,1,0,0,0,0,0,0,1,11,1,0,0,0,0,1,1,1,0,0,0
0,0,0,1,11,1,1,0,0,0,1,11,1,1,0,0,0,0,1,1,11,1,0,0,0,1,1,11,1,0,0,0
0,0,0,1,11,9,1,1,0,0,1,11,9,1,0,0,0,0,1,9,11,1,0,0,1,1,9,11,1,0,0,0
0,0,1,9,11,11,9,1,0,0,1,11,11,1,1,1,1,1,1,11,11,1,0,0,1,9,11,11,9,1,0,0
0,0,1,11,11,11,9,1,0,0,1,11,11,11,1,9,9,1,11,11,11,1,0,0,1,9,11,11,11,1,0,0
0,1,9,11,9,11,11,1,1,0,1,9,11,11,11,11,11,11,11,11,9,1,0,1,1,11,11,9,11,9,1,0
0,1,11,11,9,9,11,9,1,1,1,9,11,11,11,11,11,11,11,11,9,1,1,1,9,11,9,9,11,11,1,0
1,9,11,9,9,9,11,11,1,1,9,11,11,1,11,11,11,11,1,11,11,9,1,1,11,11,9,9,9,11,9,1
1,11,9,9,1,9,9,11,9,1,11,11,11,11,11,11,11,11,11,11,11,11,1,9,11,9,9,1,9,9,11,1
1,11,9,1,0,1,1,9,11,1,11,11,11,11,11,11,11,11,11,11,11,11,1,11,9,1,1,0,1,9,11,1
11,9,1,1,0,0,1,9,11,1,11,11,11,1,11,1,1,11,1,11,11,11,1,11,9,1,0,0,1,1,9,11
11,9,1,0,0,0,0,1,1,1,9,11,11,11,1,1,1,1,11,11,11,9,1,1,1,0,0,0,0,1,9,11
1,1,0,0,0,0,0,0,0,1,1,9,11,11,11,11,11,11,11,11,9,1,1,0,0,0,0,0,0,0,1,1
0,0,0,0,0,0,0,0,0,0,1,1,9,11,11,11,11,11,11,9,1,1,0,0,0,0,0,0,0,0,0,0
0,0,0,0,0,0,0,0,0,0,0,1,1,9,9,11,11,9,9,1,1,0,0,0,0,0,0,0,0,0,0,0
0,0,0,0,0,0,0,0,0,0,0,0,0,1,1,1,1,1,1,0,0,0,0,0,0,0,0,0,0,0,0,0
0,0,0,0,0,0,0,0,0,0,0,0,0,0,0,0,0,0,0,0,0,0,0,0,0,0,0,0,0,0,0,0
0,0,0,0,0,0,0,0,0,0,0,0,0,0,0,0,0,0,0,0,0,0,0,0,0,0,0,0,0,0,0,0
0,0,0,0,0,0,0,0,0,0,0,0,0,0,0,0,0,0,0,0,0,0,0,0,0,0,0,0,0,0,0,0
0,0,0,0,0,0,0,0,0,0,0,0,0,0,0,0,0,0,0,0,0,0,0,0,0,0,0,0,0,0,0,0
0,0,0,0,0,0,0,0,0,0,0,0,0,0,0,0,0,0,0,0,0,0,0,0,0,0,0,0,0,0,0,0
0,0,0,0,0,0,0,0,0,0,0,0,0,0,0,0,0,0,0,0,0,0,0,0,0,0,0,0,0,0,0,0
0,0,0,0,0,0,0,0,0,0,0,0,0,0,0,0,0,0,0,0,0,0,0,0,0,0,0,0,0,0,0,0
SpriteSpeccyBlock,1,3,4
7,0,1,7,0,1,7,0,1,7,0,1
7,0,1,7,0,1,7,0,1,7,0,1
7,0,1,7,0,1,7,0,1,7,0,1
SpriteAttribs,1,0,0,0
SpriteBitmapBlock,2,32,32
0,0,0,0,0,0,1,0,0,0,0,0,0,0,0,0,0,0,0,0,0,0,0,0,0,1,0,0,0,0,0,0
0,0,0,0,0,1,1,1,0,0,0,0,0,0,0,0,0,0,0,0,0,0,0,0,1,1,1,0,0,0,0,0
0,0,0,0,1,1,9,1,0,0,0,0,0,0,0,0,0,0,0,0,0,0,0,0,1,9,1,1,0,0,0,0
0,0,0,1,1,9,11,1,0,0,0,0,0,0,0,0,0,0,0,0,0,0,0,0,1,11,9,1,1,0,0,0
0,0,0,1,9,11,11,1,1,0,0,0,0,0,0,0,0,0,0,0,0,0,0,1,1,11,11,9,1,0,0,0
0,0,1,9,9,11,11,9,1,0,0,1,0,0,0,0,0,0,0,0,1,0,0,1,9,11,11,9,9,1,0,0
0,1,9,9,11,9,11,9,1,0,1,11,1,0,0,0,0,0,0,1,11,1,0,1,9,11,9,11,9,9,1,0
1,9,9,11,11,9,11,9,1,0,1,11,1,0,0,0,0,0,0,1,11,1,0,1,9,11,9,11,11,9,9,1
1,9,11,9,11,9,11,11,1,1,1,11,9,1,0,0,0,0,1,9,11,1,1,1,11,11,9,11,9,11,9,1
9,11,11,9,9,9,9,11,9,1,1,11,11,1,1,1,1,1,1,11,11,1,1,9,11,9,9,9,9,11,11,9
9,11,9,9,1,9,9,11,11,1,1,11,11,9,1,9,9,1,9,11,11,1,1,11,11,9,9,1,9,9,11,9
11,11,9,1,0,1,9,11,11,1,9,11,11,11,11,11,11,11,11,11,11,9,1,11,11,9,1,0,1,9,11,11
11,9,1,0,0,0,1,9,11,1,9,11,11,1,1,11,11,1,1,11,11,9,1,11,9,1,0,0,0,1,9,11
11,9,1,0,0,0,1,9,11,11,11,11,11,11,1,11,11,1,11,11,11,11,11,11,9,1,0,0,0,1,9,11
11,1,0,0,0,0,0,1,9,11,11,9,11,11,11,11,11,11,11,11,9,11,11,9,1,0,0,0,0,0,1,11
11,1,0,0,0,0,1,1,11,11,1,1,11,11,1,1,1,1,11,11,1,1,11,11,1,1,0,0,0,0,1,11
1,0,0,0,0,0,1,9,11,9,1,1,11,1,1,1,1,1,1,11,1,1,9,11,9,1,0,0,0,0,0,1
0,0,0,0,0,1,1,11,11,1,1,1,1,1,1,1,1,1,1,1,1,1,1,11,11,1,1,0,0,0,0,0
0,0,0,0,0,1,9,11,9,1,1,1,1,1,1,1,1,1,1,1,1,1,1,9,11,9,1,0,0,0,0,0
0,0,0,0,0,1,11,11,1,1,1,1,1,1,1,1,1,1,1,1,1,1,1,1,11,11,1,0,0,0,0,0
0,0,0,0,0,1,11,9,1,1,1,1,1,1,1,1,1,1,1,1,1,1,1,1,9,11,1,0,0,0,0,0
0,0,0,0,0,1,11,9,1,1,1,1,1,1,1,1,1,1,1,1,1,1,1,1,9,11,1,0,0,0,0,0
0,0,0,0,0,1,11,11,1,1,1,1,1,1,1,1,1,1,1,1,1,1,1,1,11,11,1,0,0,0,0,0
0,0,0,0,0,1,9,11,9,1,1,1,1,1,1,1,1,1,1,1,1,1,1,9,11,9,1,0,0,0,0,0
0,0,0,0,0,1,1,9,11,1,1,1,1,1,1,1,1,1,1,1,1,1,1,11,9,1,1,0,0,0,0,0
0,0,0,0,0,0,1,1,9,11,1,1,11,1,1,1,1,1,1,11,1,1,11,9,1,1,0,0,0,0,0,0
0,0,0,0,0,0,0,1,1,9,11,1,11,1,1,1,1,1,1,11,1,11,9,1,1,0,0,0,0,0,0,0
0,0,0,0,0,0,0,0,1,1,9,11,11,11,1,1,1,1,11,11,11,9,1,1,0,0,0,0,0,0,0,0
0,0,0,0,0,0,0,0,0,1,1,1,9,11,11,11,11,11,11,9,1,1,1,0,0,0,0,0,0,0,0,0
0,0,0,0,0,0,0,0,0,0,0,1,1,1,9,11,11,9,1,1,1,0,0,0,0,0,0,0,0,0,0,0
0,0,0,0,0,0,0,0,0,0,0,0,0,1,1,1,1,1,1,0,0,0,0,0,0,0,0,0,0,0,0,0
0,0,0,0,0,0,0,0,0,0,0,0,0,0,0,0,0,0,0,0,0,0,0,0,0,0,0,0,0,0,0,0
SpriteSpeccyBlock,2,4,4
7,0,1,7,0,1,7,0,1,7,0,1
7,0,1,7,0,1,7,0,1,7,0,1
7,0,1,7,0,1,7,0,1,7,0,1
7,0,1,7,0,1,7,0,1,7,0,1
SpriteAttribs,2,0,0,0
SpriteBitmapBlock,3,16,24
0,0,0,0,1,1,0,0,0,9,1,0,0,0,1,9,0,0,0,1,1,0,0,0
0,0,0,0,9,9,1,0,0,11,9,0,0,0,9,11,0,0,1,9,9,0,0,0
0,0,0,1,11,11,9,0,0,11,11,1,9,1,11,11,0,0,9,11,11,1,0,0
0,0,0,9,11,11,9,1,1,9,11,11,11,11,11,9,1,1,9,11,11,9,0,0
0,0,1,11,9,9,11,1,1,11,11,1,11,1,11,11,1,1,11,9,9,11,1,0
0,0,9,9,1,1,9,9,9,11,11,11,1,11,11,11,9,9,9,1,1,9,9,0
0,0,11,9,1,0,1,9,9,11,1,1,1,1,1,11,9,9,1,0,1,9,11,0
0,0,9,1,0,0,0,1,1,9,11,1,1,1,11,9,1,1,0,0,0,1,9,0
0,0,0,0,0,0,0,0,0,1,9,11,11,11,9,1,0,0,0,0,0,0,0,0
0,0,0,0,0,0,0,0,0,0,1,9,9,9,1,0,0,0,0,0,0,0,0,0
0,0,0,0,0,0,0,0,0,0,0,0,0,0,0,0,0,0,0,0,0,0,0,0
0,0,0,0,0,0,0,0,0,0,0,0,0,0,0,0,0,0,0,0,0,0,0,0
0,0,0,0,0,0,0,0,0,0,0,0,0,0,0,0,0,0,0,0,0,0,0,0
0,0,0,0,0,0,0,0,0,0,0,0,0,0,0,0,0,0,0,0,0,0,0,0
0,0,0,0,0,0,0,0,0,0,0,0,0,0,0,0,0,0,0,0,0,0,0,0
0,0,0,0,0,0,0,0,0,0,0,0,0,0,0,0,0,0,0,0,0,0,0,0
SpriteSpeccyBlock,3,2,3
7,0,1,7,0,1,7,0,1
7,0,1,7,0,1,7,0,1
SpriteAttribs,3,0,0,0
SpriteBitmapBlock,4,24,24
0,0,0,0,0,0,1,0,0,0,0,0,0,0,0,0,0,0,1,0,0,0,0,0
0,0,0,0,0,1,1,0,0,0,0,0,0,0,0,0,0,0,1,1,0,0,0,0
0,0,0,0,1,9,9,1,0,0,0,0,0,0,0,0,0,1,9,9,1,0,0,0
0,0,0,1,9,11,11,1,0,0,0,0,0,0,0,0,0,1,11,11,9,1,0,0
0,0,1,9,9,9,11,1,0,9,0,0,0,0,0,9,0,1,11,9,9,9,1,0
0,0,1,11,11,9,11,1,1,11,1,0,0,0,1,11,1,1,11,9,11,11,1,0
0,0,9,11,9,9,9,11,1,11,9,1,1,1,9,11,1,11,9,9,9,11,9,0
0,0,11,9,1,1,9,11,1,11,11,11,11,11,11,11,1,11,9,1,1,9,11,0
0,0,11,1,0,0,1,11,9,11,11,1,11,1,11,11,9,11,1,0,0,1,11,0
0,0,11,0,0,0,1,9,11,9,11,11,11,11,11,9,11,9,1,0,0,0,11,0
0,0,9,0,0,0,1,11,1,1,11,1,1,1,11,1,1,11,1,0,0,0,9,0
0,0,0,0,0,1,9,11,1,1,1,1,1,1,1,1,1,11,9,1,0,0,0,0
0,0,0,0,0,1,11,1,1,1,1,1,1,1,1,1,1,1,11,1,0,0,0,0
0,0,0,0,0,1,11,1,1,1,1,1,1,1,1,1,1,1,11,1,0,0,0,0
0,0,0,0,0,1,11,1,1,1,1,1,1,1,1,1,1,1,11,1,0,0,0,0
0,0,0,0,0,1,11,1,1,1,1,1,1,1,1,1,1,1,11,1,0,0,0,0
0,0,0,0,0,0,1,11,1,1,1,1,1,1,1,1,1,11,1,0,0,0,0,0
0,0,0,0,0,0,0,1,11,1,1,1,1,1,1,1,11,1,0,0,0,0,0,0
0,0,0,0,0,0,0,0,1,11,11,1,1,1,11,11,1,0,0,0,0,0,0,0
0,0,0,0,0,0,0,0,0,1,1,11,11,11,1,1,0,0,0,0,0,0,0,0
0,0,0,0,0,0,0,0,0,0,0,0,0,0,0,0,0,0,0,0,0,0,0,0
0,0,0,0,0,0,0,0,0,0,0,0,0,0,0,0,0,0,0,0,0,0,0,0
0,0,0,0,0,0,0,0,0,0,0,0,0,0,0,0,0,0,0,0,0,0,0,0
0,0,0,0,0,0,0,0,0,0,0,0,0,0,0,0,0,0,0,0,0,0,0,0
SpriteSpeccyBlock,4,3,3
7,0,1,7,0,1,7,0,1
7,0,1,7,0,1,7,0,1
7,0,1,7,0,1,7,0,1
SpriteAttribs,4,0,0,0
SpriteBitmapBlock,5,8,16
0,0,9,0,0,11,1,0,0,1,11,0,0,9,0,0
0,9,11,1,0,11,9,1,1,9,11,0,1,11,9,0
0,9,11,9,1,9,11,11,11,11,9,1,9,11,9,0
9,11,9,11,1,11,1,11,11,1,11,1,11,9,11,9
11,1,1,9,9,11,11,1,1,11,11,9,9,1,1,11
11,0,0,0,1,11,1,1,1,1,11,1,0,0,0,11
1,0,0,0,0,1,9,11,11,9,1,0,0,0,0,1
0,0,0,0,0,0,0,1,1,0,0,0,0,0,0,0
SpriteSpeccyBlock,5,1,2
7,0,1,7,0,1
SpriteAttribs,5,0,0,0
SpriteBitmapBlock,6,16,16
0,0,0,1,0,0,0,0,0,0,0,0,1,0,0,0
0,0,1,9,0,0,0,0,0,0,0,0,9,1,0,0
0,1,11,9,0,1,0,0,0,0,1,0,9,11,1,0
1,9,9,9,1,11,0,0,0,0,11,1,9,9,9,1
9,11,9,11,1,11,11,1,1,11,11,1,11,9,11,9
11,9,1,9,9,11,1,11,11,1,11,9,9,1,9,11
9,1,0,9,11,11,11,11,11,11,11,11,9,0,1,11
9,0,0,1,11,1,11,1,1,11,1,11,1,0,0,9
0,0,0,9,11,1,1,1,1,1,1,1,11,0,0,0
0,0,0,11,1,1,1,1,1,1,1,1,11,0,0,0
0,0,0,11,1,1,1,1,1,1,1,1,11,0,0,0
0,0,0,11,1,1,1,1,1,1,1,1,11,0,0,0
0,0,0,1,11,1,1,1,1,1,1,11,1,0,0,0
0,0,0,0,1,11,11,1,1,11,11,1,0,0,0,0
0,0,0,0,0,1,9,11,11,9,1,0,0,0,0,0
0,0,0,0,0,0,0,0,0,0,0,0,0,0,0,0
SpriteSpeccyBlock,6,2,2
7,0,1,7,0,1
7,0,1,7,0,1
SpriteAttribs,6,0,0,0
HspriteSize,16,16
SpriteDataOffSet,&180
SpriteNotes,Start
This is a free text box for your notes... it's saved with the sprites



SpriteNotes,End
eof
