
b8 01 00 00 00 0f 05 00 00 00 00 00 00 00 00
00 00 00 00 00 00 00 00 00 00 00 00 00 00 00
00 00 00 00 00 00 00 00 00 00 00 00 00 00 00
00 00 00 00 00 00 00 00 00 00 00 00 00 00 00
00 00 00 00 00 00 00 00 00 00 00 00 00 00 00
00 00 00 00 00 00 00 00 00 00 00 00 00 00 00
00 00 00 00 00 00 00 00 00 00 00 00 00 00 00
00 00 00 00 00 00 00 00 00 00 00 00 00 00 00
00 00 00 00 00 00 00 00 00 00 00 00 00 00 00
00 00 00 00 00 00 00 00 00 00 00 00 00 00 00
00 00 00 00 00 00 00 00 00 00 00 00 00 00 00
00 00 00 00 00 00 00 00 00 00 00 00 00 00 00
00 00 00 00 00 00 00 00 00 00 00 00 00 00 00
00 00 00 00 00 00 00 00 00 00 00 00 00 00 00
00 00 00 00 00 00 00 00 00 00 00 00 00 00 00
00 00 00 00 00 00 00 00 00 00 00 00 00 00 00
00 00 00 00 00 00 00 00 00 00 00 00 00 00 00
00 00 00 00 00 00 00 00 00 00 00 00 00 00 00
00 00 00 00 00 00 00 00 00 00 00 00 00 00 00
00 00 00 00 00 00 00 00 00 00 00 00 00 00 00
00 00 00 00 00 00 00 00 00 00 00 00 00 00 00
00 00 00 00 00 00 00 00 00 00 00 00 00 00 00
00 00 00 00 00 00 00 00 00 00 00 00 00 00 00
00 00 00 00 00 00 00 00 00 00 00 00 00 00 00
00 00 00 00 00 00 00 00 00 00 00 00 00 00 00
00 00 00 00 00 00 00 00 00 00 00 00 00 00 00
00 00 00 00 00 00 00 00 00 00 00 00 00 00 00
00 00 00 00 00 00 00 00 00 00 00 00 00 00 00

1:  b8 01 00 00 00 0f 05 00 00 00 00 00 00 00 00
2:  00 00 00 00 00 00 00 00 00 00 00 00 00 00 00
3:  00 00 00 00 00 00 00 00 00 00 00 00 00 00 00
4:  00 00 00 00 00 00 00 00 00 00 00 00 00 00 00
5:  00 00 00 00 00 00 00 00 00 00 00 00 00 00 00
6:  00 00 00 00 00 00 00 00 00 00 00 00 00 00 00
7:  00 00 00 00 00 00 00 00 00 00 00 00 00 00 00
8:  00 00 00 00 00 00 00 00 00 00 00 00 00 00 00
9:  00 00 00 00 00 00 00 00 00 00 00 00 00 00 00
10: 00 00 00 00 00 00 00 00 00 00 00 00 00 00 00
11: 00 00 00 00 00 00 00 00 00 00 00 00 00 00 00
12: 00 00 00 00 00 00 00 00 00 00 00 00 00 00 00
13: 00 00 00 00 00 00 00 00 00 00 00 00 00 00 00
14: 00 00 00 00 00 00 00 00 00 00 00 00 00 00 00
15: 00 00 00 00 00 00 00 00 00 00 00 00 00 00 00
16: 00 00 00 00 00 00 00 00 00 00 00 00 00 00 00
17: 00 00 00 00 00 00 00 00 00 00 00 00 00 00 00
18: 00 00 00 00 00 00 00 00 00 00 00 00 00 00 00
19: 00 00 00 00 00 00 00 00 00 00 00 00 00 00 00
20: 00 00 00 00 00 00 00 00 00 00 00 00 00 00 00
21: 00 00 00 00 00 00 00 00 00 00 00 00 00 00 00
22: 00 00 00 00 00 00 00 00 00 00 00 00 00 00 00
23: 00 00 00 00 00 00 00 00 00 00 00 00 00 00 00
24: 00 00 00 00 00 00 00 00 00 00 00 00 00 00 00
25: 00 00 00 00 00 00 00 00 00 00 00 00 00 00 00
26: 00 00 00 00 00 00 00 00 00 00 00 00 00 00 00
27: 00 00 00 00 00 00 00 00 00 00 00 00 00 00 00
28: 00 00 00 00 00 00 00 00 00 00 00 00 00 00 00

_
